89.03333333333333
66.46666666666667
62.53125
63.05555555555556
81.96428571428571
74.48387096774194
74.37142857142857
86.96774193548387
78.6875
76.27272727272727
76.66666666666667
94.05882352941177
63.78125
68.0
47.0
69.0
73.61290322580645
94.60606060606061
86.75
81.25
59.17857142857143
77.67647058823529
85.875
81.8529411764706
78.09677419354838
78.81818181818181
93.12903225806451
80.6774193548387
65.12903225806451
68.34375
67.96875
81.03225806451613
76.9375
66.68
80.96875
74.8
72.8125
81.91176470588235
69.94444444444444
70.0625
79.96774193548387
80.6774193548387
73.3030303030303
56.05882352941177
63.666666666666664
76.71875
72.6896551724138
83.65714285714286
65.64516129032258
84.84375
83.7741935483871
100.44117647058823
77.87096774193549
73.6774193548387
78.05882352941177
87.28947368421052
72.46875
67.0
80.15151515151516
65.38709677419355
64.4375
76.96969696969697
